username,email,uid,provider
earth_plants,earth_plants@gmail.com,1234,github
green_leaf,green_leaf@gmail.com,9999,github
green_thumb,green_thumb@gmail.com,2345,github
flower_care,flower_care@gmail.com,8765,github
pot_bound,pot_bound@gmail.com,4356,github
root_crew,root_crew@gmail.com,102193,github
gentle_rose,gentle_rose@gmail.com,78231,github
cactus_life,cactus_life@gmail.com,10232,github
